Initialize time elapsed : 0.0sec
Insert time elapsed : 1.309sec
Report time elapsed : 0.0sec
Total time elapsed : 1.309sec
Space Complexity:12.74


{ 582 616 747 799 868 892 990 1048 1148 1177 1179 1193 1399 1427 1447 1513 1587 1608 1778 1807 1854 1914 2146 2147 2185 2314 2431 2454 2506 2552 2633 2648 2697 2775 2782 2789 2790 2818 2911 3100 3111 3243 3297 3353 3449 3968 4074 4322 4577 4636 4740 4812 4895 4970 5380 5452 5535 5621 5775 5808 5939 5966 6147 6396 6419 6531 6535 6828 6841 6924 7005 7020 7030 7157 7251 7290 7436 7503 7530 7660 7762 7768 7811 7907 7997 8225 8327 8341 8429 8486 8489 8492 8550 8670 8742 8817 9256 9294 9355 9499 
9642 9693 9771 9831 9861 10135 10166 10237 10249 10332 10337 10349 10374 10387 10459 10483 11002 11118 11129 11313 11336 11367 11503 11663 11880 11954 12015 12222 12330 12594 12754 12873 13236 13340 13389 13395 13404 13533 13618 13636 13744 13778 13807 13958 14073 14587 14611 14750 14761 14955 14988 15043 15070 15086 15138 15261 15390 15409 15529 15542 15786 16174 16193 16279 16609 16710 16793 17154 17254 17403 17501 17508 17673 17684 17739 17789 17837 18013 18092 18107 18225 18248 18356 18441 18504 18518 18519 18703 18838 18895 18958 18983 19090 19161 19187 19392 19515 19532 19572 19758 
19903 19906 20037 20048 20186 20226 20280 20333 20457 20487 20671 20685 20957 21012 21045 21148 21250 21309 21435 21440 21450 21575 21631 21663 21708 22077 22201 22252 22387 22388 22826 22892 23005 23190 23274 23286 23300 23457 23506 23574 23588 23696 23740 23745 23868 23906 23999 24017 24048 24110 24191 24399 24710 24735 24959 25049 25072 25192 25205 25399 25418 25460 25471 25542 25721 25950 26065 26171 26305 26427 26456 26465 26503 26508 26524 26607 26778 26829 26975 27131 27233 27247 27458 27754 28009 28031 28106 28190 28337 28401 28588 28688 28697 28781 28789 28895 28911 28933 28935 29101 
29134 29143 29236 29303 29397 29524 29583 29908 30171 30239 30261 30417 30619 30628 30854 30977 31015 31116 31249 31380 31413 31436 31461 31512 31567 31575 31578 31632 31692 31751 31980 32019 32055 32109 32232 32255 32261 32316 32392 32646 32758 32981 33380 33492 33551 33666 33671 33763 33801 33946 33951 33999 34094 34566 34790 34858 34927 35186 35216 35222 35327 35353 35386 35425 35477 35743 35868 35954 35971 36074 36170 36173 36258 36480 36613 37040 37303 37514 37585 37726 37962 38016 38062 38172 38223 38244 38328 38552 38836 38847 38936 38946 39132 39173 39417 39695 39764 39779 39804 39854 
39917 39974 40031 40033 40186 40209 40236 40294 40337 40652 40802 41040 41081 41193 41344 41371 41489 41550 41709 41977 42263 42417 42456 42466 42824 42882 42985 42990 43036 43101 43163 43257 43271 43289 43358 43676 43688 43953 44015 44098 44146 44150 44155 44527 44541 44590 44758 44840 44949 44961 45039 45068 45315 45356 45379 45541 45708 45764 45927 46316 46343 46625 46671 46699 46716 46878 46898 47114 47134 47209 47254 47355 47484 47524 47614 47648 47698 48001 48016 48039 48111 48114 48146 48149 48154 48248 48330 48364 48406 48448 48499 48602 48622 48669 48729 48836 48868 49185 49263 49264 
49299 49388 49627 49655 49692 49721 50104 50196 50251 50301 50341 50399 50419 50661 50835 50985 51224 51235 51276 51371 51646 51772 51848 51975 51998 52020 52090 52377 52424 52544 52578 52784 52828 52869 52922 52954 52972 52978 53034 53058 53138 53163 53294 53320 53364 53459 53676 53701 53874 53915 53931 53972 54120 54130 54169 54357 54618 54683 54704 54716 54749 54779 55060 55226 55378 55827 55848 55857 55899 56033 56053 56094 56127 56215 56312 56332 56492 56741 56806 57046 57069 57171 57250 57262 57325 57409 57425 57426 57427 57598 57747 57846 57971 58044 58170 58177 58280 58347 58397 58432 
58802 58888 58907 59387 59467 59498 59630 59657 59868 59873 59901 59932 60014 60115 60330 60334 60356 60421 60439 60468 60523 60529 60707 60849 61129 61295 61377 61394 61428 61661 61679 61727 61773 61785 61901 62106 62226 62283 62326 62681 62837 63130 63152 63382 63396 63464 63482 63691 64077 64271 64466 64594 64645 64778 64835 65040 65052 65055 65114 65126 65236 65442 65452 65471 65477 65545 65584 65693 65724 65831 65998 66037 66068 66088 66186 66203 66519 66558 66765 66950 66975 67071 67095 67175 67219 67357 67412 67417 67484 67514 67699 67730 67858 67890 67966 68205 68711 68798 68896 68981 
68982 69073 69140 69199 69331 69376 69782 69847 69852 70133 70142 70264 70318 70421 70446 70467 70469 70702 70800 70969 70975 71116 71535 71629 71742 71865 72062 72108 72126 72260 72272 72333 72338 72391 72449 72467 72581 72582 72594 72641 72657 73124 73129 73166 73512 73523 73591 73633 73657 73720 73730 73821 73827 73990 74389 74427 74453 74466 74645 74960 74970 75272 75332 75653 75736 75783 75973 76161 76258 76324 76393 76521 76536 76593 76645 76689 76698 76735 76854 76858 77075 77087 77360 77683 77730 77738 77820 77974 78038 78109 78380 78455 78459 78526 78528 78535 78655 79028 79115 79316 
79420 79486 79517 79560 79674 79732 79740 79773 80051 80319 80493 80576 80677 80728 80824 80825 80836 80852 81010 81108 81114 81253 81357 81385 81407 81675 81797 81842 81889 82114 82154 82324 82552 82849 82858 82887 82909 82925 82946 83077 83117 83138 83238 83410 83417 83448 83470 83549 83702 83711 83732 84065 84152 84177 84357 84377 84417 84434 84468 84471 84528 84587 84683 84747 84763 84847 84896 85051 85175 85582 85597 85903 86249 86321 86534 86600 86874 86893 87019 87145 87280 87425 87447 87713 87753 88087 88166 88185 88253 88263 88297 88318 88359 88639 88643 88707 88729 88765 88773 89013 
89091 89103 89133 89389 89541 89544 89589 89626 89783 89893 89973 89979 90100 90225 90288 90360 90508 90537 90564 90571 90664 90713 90750 90795 90806 90916 91069 91166 91710 91793 91875 91879 91980 92027 92094 92175 92372 92376 92382 92392 92429 92469 92473 92545 92662 92859 93027 93118 93272 93283 93370 93558 93833 93861 93881 94277 94310 94558 94947 95006 95093 95153 95271 95283 95386 95615 95752 95984 96281 96442 96574 96686 96912 97147 97248 97473 97492 97529 97577 97605 97954 97961 97990 98068 98076 98217 98266 98561 98720 98863 99136 99178 99238 99334 99344 99404 99532 99621 99843 99992 
100170 100340 100411 100449 100513 100572 100591 100928 100967 101114 101207 101276 101618 101681 101845 102073 102127 102292 102313 102363 102438 102535 102700 102726 102798 102819 102943 103087 103125 103141 103197 103205 103246 103352 103509 103518 103540 103739 103782 103821 103936 104025 104065 104121 104127 104295 104528 104558 104813 104997 105171 105178 105268 105405 105491 105755 105821 105868 105945 105966 106019 106085 106216 106407 106421 106601 106812 107019 107084 107105 107138 107143 107155 107162 107295 107305 107367 107509 107614 107781 107878 108062 108088 108229 108263 108290 108369 108502 108594 108753 108820 108908 109205 109260 109290 109547 109556 109573 109667 109698 
109980 110075 110092 110170 110252 110253 110306 110345 110358 110410 110417 110431 110459 110483 110594 110711 110850 110931 110935 110996 111001 111024 111075 111089 111465 111979 111998 112033 112128 112142 112146 112197 112208 112366 112371 112470 112600 112672 112684 112798 112896 112984 112985 113194 113297 113357 113405 113680 113733 113748 113845 113931 113937 114106 114117 114187 114197 114227 114240 114480 114533 114773 114776 114789 114809 114836 115153 115265 115495 115532 115551 115752 115776 115859 116480 116498 116536 116622 116693 116756 116798 117045 117151 117222 117254 117258 117273 117500 117550 117638 117658 117709 117718 117742 117823 117841 117957 117981 118140 118272 
118693 118736 118837 118873 118922 118929 118997 119156 119230 119249 119320 119336 119392 119425 119433 119673 119788 119979 120059 120117 120210 120232 120390 120431 120604 120677 120735 120826 121050 121093 121123 121432 121470 121584 121904 122152 122209 122249 122272 122679 122791 122830 122929 123037 123195 123395 123479 123595 123652 123732 123745 123980 124374 124442 124458 124790 124820 125096 125194 125227 125256 125347 125420 125642 125652 125802 125871 125931 126208 126427 126492 126535 126620 126945 127187 127427 127448 127624 127877 127897 127942 127956 128083 128129 128147 128180 128203 128240 128249 128582 128591 128658 128796 128820 128928 129186 129203 129373 129747 129869 
129956 129996 130163 130216 130217 130228 130308 130357 130384 130385 130698 130805 130821 131031 131043 131139 131345 131472 131521 131583 131585 131597 131633 131787 132037 132090 132328 132410 132551 132781 132909 133322 133362 133387 133455 133506 133509 133518 133761 133813 133828 134073 134098 134153 134341 134426 134471 134478 134559 134601 134607 134675 134722 134856 135165 135280 135366 135381 135447 135606 135978 136166 136223 136294 136363 136598 136682 136860 136861 136881 136889 136909 137152 137156 137217 137251 137283 137411 137502 137578 137580 137870 137934 138215 138384 138628 138643 138829 139039 139243 139252 139276 139319 139403 139443 139629 139763 139837 139889 139895 
139985 140012 140077 140106 140127 140148 140201 140369 140446 140488 140518 140524 140853 140892 140963 140970 141012 141015 141114 141151 141155 141234 141276 141417 141456 141519 141614 141724 141756 141945 142197 142238 142284 142322 142353 142399 142479 142504 142848 142860 142899 143070 143195 143281 143359 143404 143500 143508 143538 143547 143685 143714 143724 144012 144043 144174 144313 144442 144627 144638 144691 144982 145178 145391 145435 145444 145467 145493 145529 145589 145626 145787 145832 145926 145939 145955 146153 146236 146304 146331 146441 146455 146557 146568 146602 146636 146712 146813 146845 147076 147080 147134 147188 147248 147302 147358 147419 147587 147620 147740 
147780 147842 148164 148410 148565 148636 148939 149091 149120 149230 149444 149478 149901 149906 150052 150108 150109 150153 150425 150450 150587 150795 150844 150847 151101 151127 151136 151145 151226 151347 151363 151395 151448 151450 151464 151470 151660 151722 151800 151949 152032 152077 152192 152392 152431 152440 152454 152457 152461 152538 152879 152907 152920 153040 153111 153134 153345 153461 153485 153499 153510 153552 153565 153747 153753 153923 154093 154103 154143 154407 154609 154649 154752 154779 154790 154813 154917 155231 155274 155300 155352 155381 155422 155595 155613 155644 155749 155897 155970 156166 156219 156330 156364 156403 156733 156765 156798 156930 157012 157176 
157226 157387 157505 157610 157782 157936 158306 158388 158477 158805 158851 158862 158964 159105 159279 159443 159669 159733 159856 159967 160042 160141 160153 160232 160761 160886 161013 161093 161096 161154 161284 161363 161381 161388 161431 161545 161559 161674 161681 161815 161943 161945 161946 161963 162088 162180 162320 162764 162801 162925 163057 163127 163200 163525 163598 163599 163646 163677 163698 163790 163946 164008 164068 164295 164303 164378 164406 164501 164613 164719 165063 165210 165342 165396 165472 165493 165518 165527 165531 165577 165640 165797 166014 166065 166152 166425 166441 166497 166511 166580 166581 166597 166674 166742 166767 166896 167146 167222 167227 167386 
167413 167426 167504 167614 167622 167726 167937 168069 168136 168196 168293 168343 168510 168616 168761 168942 168955 168960 168961 169118 169148 169181 169277 169284 169314 169339 169472 169539 169546 169754 169777 169878 170011 170095 170140 170170 170666 170948 171036 171112 171203 171223 171354 171446 171451 171498 171609 171613 171754 171775 172077 172219 172607 172649 172819 172930 172963 172982 173052 173129 173189 173241 173397 173509 173575 173624 173721 173748 173795 173882 173884 173999 174045 174073 174147 174437 174670 174804 174824 174938 174971 175027 175054 175155 175183 175207 175217 175266 175319 175603 175711 175853 175993 175994 176145 176200 176298 176303 176336 176504 
176683 176687 176731 176840 176935 177033 177105 177176 177452 177636 177687 177709 177870 177876 177921 177923 178119 178372 178389 178642 178761 178775 178821 178950 178977 179007 179071 179143 179360 179475 179598 179601 179741 179757 180194 180354 180398 180415 180550 180678 180739 180892 180899 180911 180993 181051 181087 181315 181426 181457 181490 181711 182108 182523 182619 182656 182904 183065 183188 183216 183589 183657 183659 183714 183797 183815 183936 184001 184009 184034 184041 184084 184212 184266 184348 184399 184405 184454 184493 184713 184805 184853 184948 185164 185177 185202 185211 185213 185372 185413 185553 185560 185744 185856 185870 185887 185990 186033 186038 186207 
186222 186275 186277 186320 186356 186496 186531 186547 186618 186631 186768 186804 187036 187244 187261 187307 187340 187564 187659 187680 187703 187820 187995 188004 188273 188398 188455 188551 188623 188911 189156 189176 189243 189322 189552 189628 189646 189760 189770 189889 189935 190007 190100 190110 190119 190169 190330 190377 190658 190707 190749 190820 190894 190908 190987 191047 191197 191308 191437 191474 191536 191685 191748 191906 191934 191973 192185 192251 192510 192605 192616 192708 192860 192904 192972 193149 193239 193265 193619 193835 193949 194063 194178 194191 194283 194381 194400 194544 194565 194642 194712 194799 194824 194931 195080 195243 195248 195285 195342 195434 
195607 195924 196074 196107 196135 196340 196369 196401 196447 196776 196861 196864 196893 196933 197188 197205 197242 197273 197294 197575 197628 197739 197761 198018 198182 198437 198593 198705 198967 198993 199106 199131 199189 199249 199277 199327 199423 199463 200180 200206 200394 200415 200574 200619 200733 200829 200866 200930 201097 201156 201219 201225 201366 201450 201501 201551 201568 201675 201808 201817 202003 202139 202193 202235 202288 202396 202484 202586 202713 202794 202881 203138 203158 203513 203779 203822 203845 204021 204102 204542 204587 204775 204792 204817 204863 204915 204985 205052 205083 205184 205222 205283 205296 205385 205580 205619 205738 205772 205911 205981 
206191 206200 206218 206435 206537 206573 206643 206729 206765 206909 206922 206985 207058 207078 207191 207373 207925 208195 208455 208540 208686 208720 208811 208876 208882 208884 208966 209086 209147 209342 209376 209430 209446 209581 209592 209612 209665 209715 209972 210338 210384 210418 210464 210648 210711 210725 210812 210906 210925 210935 211058 211096 211475 211550 211950 212108 212290 212320 212389 212620 212677 212706 212735 212771 212987 213221 213308 213552 213554 213604 213624 213720 213745 213830 214035 214248 214469 214506 214597 214652 214705 214706 214721 215030 215035 215110 215251 215423 215519 215528 215624 215848 215853 215858 215894 215900 215999 216011 216146 216155 
216317 216581 216591 216732 216941 217115 217158 217170 217244 217343 217374 217387 217533 217708 217769 217896 217962 218314 218420 218439 218660 218672 218690 218840 218851 218903 218942 219062 219134 219193 219426 219623 219796 219831 219900 219909 219929 219932 220084 220220 220244 220260 220289 220333 220624 220758 221062 221315 221337 221343 221435 221537 221594 221787 222000 222019 222069 222268 222477 222491 222536 222828 222908 223126 223168 223212 223263 223264 223297 223470 223666 223719 223806 223876 223916 224105 224114 224294 224730 224791 224839 224871 225026 225037 225065 225125 225196 225275 225398 225623 225687 225758 225780 225789 225839 225893 226087 226111 226215 226397 
226424 226427 226593 226738 226816 226886 227017 227399 227572 227720 227760 227788 228157 228206 228337 228372 228380 228570 228661 228871 228909 228961 229019 229135 229152 229310 229372 229552 229556 229573 229648 229708 229743 229761 229897 229911 229999 230119 230327 230355 230378 230744 230791 231192 231245 231367 231410 231485 231595 231680 231814 231858 232127 232243 232376 232548 232587 232638 232651 232699 232815 232957 232968 232998 233016 233045 233080 233102 233212 233287 233289 233368 233370 233405 233494 233611 233789 234104 234133 234231 234271 234281 234350 234415 234595 234721 234868 235083 235141 235273 235348 235506 235609 235689 235805 235918 236123 236152 236607 236626 
236634 236648 236666 236789 236931 237032 237199 237225 237262 237295 237324 237400 237446 237494 237501 237593 237653 237706 237714 237794 237950 237989 238149 238206 238225 238252 238441 238646 238978 239013 239061 239379 239386 239508 239545 239558 239699 239862 240041 240423 240577 240585 240797 240848 240854 240892 240914 241036 241061 241114 241230 241355 241417 241600 241678 242072 242139 242334 242374 242382 242456 242564 242645 242736 242845 242957 242960 243246 243253 243266 243381 243479 243491 243568 243662 243663 243697 243702 243717 243750 243993 244035 244096 244337 244566 244686 244917 244981 245079 245096 245361 245373 245450 245494 245610 245616 245647 245974 245986 246220 
246343 246354 246413 246421 246457 246483 246617 246699 246706 246819 246944 247098 247102 247420 247485 247537 247597 247620 247637 247748 247793 248034 248043 248229 248305 248316 248618 248709 248868 248952 249076 249305 249307 249371 249647 249808 250068 250171 250382 250391 250442 250471 250495 250539 250587 250625 251065 251116 251201 251506 251510 251514 251784 251823 251859 251877 252011 252045 252217 252298 252303 252411 252524 252625 252662 252690 252748 252782 252836 253137 253300 253440 253621 253671 253800 253814 253891 253905 253951 253962 254137 254280 254451 254462 254483 254715 254747 254797 254976 255017 255129 255158 255233 255407 255414 255447 255494 255752 255792 255803 
255826 255859 255929 255930 256113 256128 256133 256209 256384 256548 256648 256679 256780 256803 256951 257164 257172 257191 257277 257292 257381 257625 257817 257823 257885 257907 257949 258022 258032 258033 258070 258155 258287 258289 258334 258450 258485 258648 258782 258916 259029 259037 259147 259296 259382 259444 259566 259668 259735 259783 259810 259850 259899 260027 260089 260175 260183 260219 260337 260339 260343 260399 260496 260616 260734 260744 260893 261059 261066 261653 261686 261701 261769 261788 261865 262127 262187 262330 262376 262402 262481 262483 262491 262502 262633 262712 262835 262979 263233 263530 263602 263706 263784 263808 264059 264074 264343 264401 264463 264498 
264563 264687 264808 264855 264918 265006 265019 265083 265195 265200 265204 265318 265556 265697 265704 265840 265847 265890 265908 266195 266221 266702 266727 266788 266918 266924 266997 267099 267423 267548 267650 267861 267933 267945 267960 267991 267995 268091 268264 268306 268421 268441 268664 268668 268721 268748 268758 268819 268822 268870 268914 269052 269080 269142 269275 269393 269455 269473 269568 269892 270236 270389 270450 270506 270507 270735 270816 270832 270877 271006 271085 271103 271175 271184 271189 271202 271280 271391 271415 271421 271437 271523 271573 271608 271765 271955 271982 272039 272199 272330 272561 272564 272683 272912 272925 272929 272934 273017 273029 273235 
273240 273485 273508 273581 273682 273742 273786 273844 273940 273977 273981 273998 274060 274148 274585 274616 274880 274887 274984 275030 275092 275275 275294 275358 275474 275505 275514 275517 275569 275582 275683 275736 276167 276186 276431 276452 276875 276912 277128 277225 277322 277338 277345 277418 277511 277531 277631 277810 277927 277990 278187 278261 278271 278415 278557 278699 278867 278897 279035 279140 279240 279328 279349 279440 279592 279648 279670 279672 279707 279981 279994 280168 280194 280201 280344 280371 280387 280525 280817 280908 281096 281438 281607 281662 281706 281760 281870 281924 282371 282462 282509 282520 282557 282679 282729 283018 283170 283207 283327 283975 
284078 284280 284292 284315 284435 284492 284541 284651 284682 284702 284799 284821 284920 284944 285008 285045 285066 285130 285235 285240 285292 285351 285357 285363 285715 285722 285794 286015 286069 286652 286736 286756 286810 287027 287116 287258 287343 287410 287464 287682 287722 287858 287917 288083 288135 288139 288191 288250 288343 288349 288573 288605 288714 288716 288726 288998 289041 289249 289462 289467 289571 289592 289647 289850 289988 290097 290101 290191 290264 290429 290486 290535 290821 290845 290853 291007 291104 291262 291274 291296 291370 291384 291565 291708 291755 291770 291970 291971 292142 292435 292489 292522 292678 292833 293059 293301 293322 293397 293502 293523 
293767 293862 293957 294017 294101 294197 294270 294473 294556 294600 294682 294732 294842 294891 295224 295317 295578 295584 295589 295636 295721 295730 295919 296162 296375 296455 296476 296609 296615 296640 296723 296798 297014 297023 297030 297034 297084 297232 297319 297346 297587 297820 297907 297997 298037 298367 298419 298489 298558 298625 298672 298679 298904 299098 299128 299217 299223 299337 299505 299548 299587 299631 299657 299742 299827 299931 300120 300437 300440 300599 300751 300820 301174 301227 301233 301243 301251 301259 301275 301278 301327 301483 301918 301940 301978 302035 302213 302417 302431 302603 302615 302635 302806 302841 302853 302856 302960 302978 303298 303367 
303413 303427 303468 303476 303507 303548 304205 304302 304303 304317 304438 304535 304817 304841 304882 304937 304944 305188 305571 305656 305874 306138 306145 306194 306315 306506 306683 306697 306771 306845 306882 307001 307053 307065 307094 307244 307391 307439 307501 307547 307738 307797 307912 308195 308207 308631 308686 308793 308885 308907 309005 309085 309131 309230 309311 309474 309518 309623 309671 309904 309921 310309 310418 310555 310627 310632 310678 310782 310790 310876 311122 311129 311528 311747 311957 312053 312280 312353 312395 312460 312625 312883 312893 312908 312952 313028 313172 313173 313540 313654 313705 313739 313953 314058 314100 314118 314224 314341 314354 314435 
314874 314971 314986 315219 315236 315242 315333 315358 315365 315410 315512 315551 315790 315981 316054 316302 316358 316383 316537 316590 316654 316779 316815 316868 316908 316912 317005 317130 317275 317294 317352 317470 317478 317564 317596 317620 317772 317951 318432 318563 318566 318584 318624 318657 318693 318828 318863 318987 319135 319151 319318 319404 319544 319587 319643 320007 320043 320048 320137 320178 320186 320229 320237 320244 320351 320462 320672 320751 320763 320878 321049 321121 321262 321472 321613 321773 321918 321924 321925 321967 322024 322063 322096 322162 322481 322525 322582 322639 322650 322655 322704 322810 323406 323516 323545 323553 323686 323768 323811 323826 
323871 324044 324323 324373 324561 324689 324874 324898 324931 325178 325224 325329 325398 325472 325765 325775 326311 326334 326596 326817 326959 326993 327218 327223 327243 327455 327471 327550 327713 327763 327879 327903 328007 328159 328407 328477 328497 328609 328742 329060 329177 329181 329203 329242 329338 329392 329409 329708 329887 329915 330156 330188 330310 330834 330849 330876 331053 331110 331148 331209 331283 331410 331412 331458 331548 331556 331638 331759 331885 331991 332225 332240 332327 332354 332486 332749 332992 333023 333344 333381 333411 333433 333512 333585 333808 333825 333840 333906 333910 334001 334008 334022 334133 334213 334363 334543 334614 334893 335025 335028 
335102 335207 335220 335227 335344 335377 335424 335680 335688 335775 335882 335883 335914 335958 335969 335977 336065 336251 336272 336338 336342 336583 336619 336698 336774 336860 336882 336976 337048 337129 337212 337238 337377 337409 337428 337444 337475 337536 337545 337637 337815 337831 337877 337967 337975 338049 338061 338175 338258 338325 338445 338508 338825 338858 339126 339162 339221 339293 339299 339337 339360 339404 339516 339587 339677 339696 339768 339793 339849 339866 339868 339958 340095 340102 340339 340356 340407 340446 340632 340957 340998 341309 341344 341446 341608 341663 341928 341937 341960 342240 342289 342337 342340 342366 342472 342486 342773 343036 343056 343203 
343251 343260 343470 343530 343543 343790 344043 344068 344119 344191 344224 344276 344445 344558 344855 344944 344954 344982 345032 345040 345108 345128 345361 345619 345822 345872 345873 345976 345981 346001 346023 346089 346139 346317 346332 346453 346518 346611 346766 346792 346912 347114 347396 347433 347589 347772 347933 348012 348078 348118 348317 348335 348419 348531 348708 348908 348941 349030 349175 349234 349291 349329 349569 349642 349740 349752 349775 349884 350023 350164 350185 350191 350219 350258 350441 350490 350523 350548 350809 350981 351015 351050 351204 351312 351325 351421 351648 351895 351973 351984 352224 352264 352596 352616 352731 352804 352810 353175 353284 353374 
353688 353722 353772 353881 353975 354056 354184 354518 354630 354721 354740 354780 354861 355011 355073 355088 355207 355712 355743 355879 356051 356201 356225 356322 356335 356373 356507 356745 356767 356845 356864 356933 356938 357238 357309 357338 357343 357392 357670 357766 357780 357811 358268 358569 358624 358926 358935 359263 359404 359733 359921 359927 360062 360117 360378 360498 360588 360649 360685 360816 360962 361028 361029 361037 361101 361188 361363 361768 361797 361908 361918 362005 362052 362358 362477 362531 362579 362735 362792 362973 363110 363148 363204 363281 363361 363578 363642 363659 363716 363786 363826 363869 364101 364160 364219 364233 364250 364255 364398 364459 
364517 364582 364835 364896 364987 365573 365621 365736 365765 365865 365919 365938 366143 366240 366349 366620 366632 366670 366698 366825 367045 367116 367367 367462 367585 367652 368321 368455 368498 368632 368642 368714 368801 368860 368861 368933 368949 369038 369111 369290 369324 369409 369458 369558 369575 369691 370003 370165 370299 370404 370494 370761 370939 371108 371731 371807 371927 371978 371988 372008 372070 372242 372441 372507 372516 372531 372562 372591 372594 372706 372925 372950 373086 373109 373313 373361 373383 373443 373665 373778 373785 373853 373965 373967 373982 374066 374133 374360 374390 374474 374635 374649 374687 374734 374770 374834 375094 375193 375291 375296 
375364 375391 375511 375529 375542 375749 375828 375884 375950 376033 376034 376095 376163 376170 376195 376249 376293 376404 376464 376472 376507 376615 376822 376834 376894 376951 377125 377133 377181 377198 377262 377306 377458 377484 377591 377596 377700 377701 377766 377791 378012 378118 378188 378618 378793 378865 378896 378976 379348 379387 379485 379886 379936 379996 380004 380088 380485 380668 381051 381058 381148 381349 381444 381670 381780 381804 381995 382133 382172 382238 382546 382617 382627 382823 382827 382901 382934 382997 383119 383125 383295 383300 383334 383631 383639 383726 383810 384228 384306 384309 384426 384455 384485 384496 384557 384717 384768 384942 384948 384968 
384996 385046 385098 385289 385371 385433 385548 385576 385577 385853 385864 386188 386391 386446 386598 386624 386638 386811 386884 386900 386924 386950 387004 387032 387066 387119 387165 387298 387375 387436 387521 387626 387891 387935 387939 388180 388205 388261 388292 388334 388559 388834 389121 389203 389214 389329 389355 389524 389538 389916 390106 390239 390359 390397 390582 390595 390843 390924 391042 391134 391181 391237 391656 391702 391751 391794 391961 392038 392111 392185 392391 392491 392733 392757 392907 392948 393181 393233 393306 393333 393355 393648 393775 393812 394267 394391 394464 394566 394636 394694 394904 394926 395122 395212 395221 395563 395848 395878 396393 396451 
396870 396916 396958 397006 397037 397057 397333 397363 397387 397431 397492 397600 397652 397683 397712 397849 398025 398183 398236 398241 398256 398392 398459 398596 398614 398829 398936 399089 399124 399167 399238 399285 399301 399338 399403 399661 399728 399758 399869 399945 400125 400153 400416 400827 400920 401096 401139 401210 401496 401568 401775 401992 402048 402116 402125 402223 402264 402452 402547 402568 402636 402693 402898 403013 403308 403557 403746 403752 403761 403842 403885 404098 404227 404399 404570 404683 404690 404735 404892 405051 405209 405264 405267 405290 405323 405345 405385 405564 405583 405710 405854 405881 405905 405987 405993 405998 406086 406112 406136 406323 
406350 406355 406357 406370 406384 406463 406562 406745 407042 407061 407090 407117 407169 407194 407207 407308 407319 407374 407541 407556 407587 407664 407927 408014 408268 408406 408803 408826 409056 409195 409207 409317 409416 409422 409513 409631 409672 409836 409861 409864 410058 410069 410300 410316 410318 410579 410698 410871 410901 410908 411020 411143 411188 411267 411279 411614 411673 411728 411742 411809 411814 411903 411956 412114 412449 412690 412787 412930 412944 413021 413035 413135 413367 413415 413601 413672 413701 413820 414169 414178 414268 414311 414339 414372 414423 414607 414650 414704 414722 414751 414754 414767 414808 414964 415290 415461 415575 415638 415719 415762 
415847 416033 416129 416137 416139 416194 416198 416377 416418 416442 416595 416677 416764 416848 416987 416997 417102 417234 417307 417511 417560 417582 417920 418220 418275 418401 418402 418551 418563 418591 418688 418790 418941 419103 419119 419167 419249 419258 419279 419326 419392 419426 419440 419483 419627 419897 420017 420160 420198 420276 420293 420383 420392 420471 420504 420550 420876 421004 421205 421304 421566 421595 421611 421687 422001 422048 422177 422377 422532 422535 422575 422598 422628 422755 422903 423055 423103 423252 423255 423441 423575 423610 423664 423822 423839 423925 423953 424023 424036 424177 424222 424289 424311 424322 424523 424598 424667 424777 424834 425078 
425136 425503 425507 425582 425603 425632 425674 425735 426141 426244 426380 426633 426704 426945 426990 427061 427151 427161 427308 427335 427659 427746 427781 427792 427807 427857 427971 428277 428296 428324 428383 429064 429167 429323 429337 429457 429458 429492 429634 429818 429858 429899 430159 430241 430272 430325 430457 430470 430494 430709 430755 431007 431043 431054 431064 431113 431161 431512 431555 431592 431823 432121 432167 432230 432289 432325 432466 432719 432898 433050 433058 433093 433343 433436 433486 433531 433729 433730 433822 433889 433933 434024 434134 434311 434325 434492 434494 434505 434561 434609 434818 434831 434862 434922 434935 435060 435382 435424 435606 435692 
435700 435701 435767 435998 436090 436147 436172 436193 436211 436311 436315 436436 436736 436860 437272 437401 437433 437453 437508 437626 437681 437758 437848 437919 438047 438111 438138 438342 438463 438526 438552 438563 438883 438999 439196 439254 439276 439296 439357 439362 439455 439658 439758 439866 439894 439932 439990 440138 440215 440241 440322 440337 440347 440416 440427 440506 440772 440809 440944 441032 441067 441166 441168 441499 441636 441649 441654 441731 441784 441909 441993 442002 442189 442259 442278 442279 442318 442456 442660 442680 442729 442890 443050 443079 443325 443342 443360 443437 443591 443600 443804 443956 444076 444085 444114 444223 444292 444518 444845 444978 
445036 445373 445420 445640 445740 446171 446235 446336 446562 446623 446663 446756 446763 446803 446900 446939 446961 446994 447107 447191 447247 447263 447278 447334 447475 447540 447655 447861 447956 447961 448002 448309 448569 448978 449175 449200 449275 449311 449337 449490 449579 449615 449631 449645 449795 449864 449893 449934 450042 450626 450658 450832 450905 451053 451056 451234 451294 451401 451404 451426 451496 451573 451723 451763 451895 452010 452070 452364 452458 452511 452523 452545 452568 452703 452746 452755 452761 453025 453039 453335 453365 453712 453966 454020 454167 454250 454366 454392 454429 454509 454641 454798 454817 454875 455004 455019 455088 455181 455239 455264 
455291 455604 455634 455759 455764 455772 455946 455973 456006 456226 456456 456518 456735 456781 456791 456898 456905 456923 456975 457052 457367 457419 457479 457879 457942 458093 458682 458848 458942 459055 459081 459244 459250 459308 459343 459355 459404 459581 459640 459790 459932 459938 460063 460192 460193 460307 460383 460387 460440 460554 461106 461177 461250 461382 461395 461586 461621 461648 461735 461761 461905 461942 462370 462470 462735 462832 462834 462850 462907 463259 463369 463488 463496 463525 463551 463694 463799 464070 464118 464277 464293 464395 464622 464985 465020 465228 465275 465283 465378 465462 465568 465672 465731 465770 465807 466135 466164 466298 466308 466330 
466399 466403 466451 466476 466540 466565 466829 466834 467019 467057 467534 467614 467627 467631 467763 467829 468135 468139 468210 468276 468348 468572 468796 468810 469261 469279 469312 469533 469752 469889 469909 469947 470006 470052 470142 470210 470258 470348 470361 470423 470556 470604 470688 470826 470865 470875 470992 470993 471147 471645 471803 471836 471890 472012 472136 472212 472262 472513 472648 473060 473494 473616 473776 473798 473814 473838 473994 474106 474107 474124 474453 474584 474587 474602 474611 474720 474768 475012 475286 475292 475301 475333 475392 475567 475848 475879 475915 476038 476130 476155 476498 476858 476872 476904 477113 477409 477559 477739 477749 477810 
477837 477946 478082 478109 478252 478391 478460 478473 478669 478729 478743 478791 478818 478834 478897 478953 478991 479143 479286 479518 479547 479695 479885 480003 480032 480215 480385 480398 480539 480680 480696 480732 480734 480799 480918 480947 481030 481206 481223 481293 481401 481607 481867 481927 482070 482189 482234 482340 482404 482561 482578 482623 482715 482882 482927 482940 483016 483091 483225 483229 483276 483363 483439 483591 483770 484390 484397 484402 484448 484498 484601 484616 484652 484761 484776 484798 484836 485148 485188 485573 485660 485661 485672 485701 485722 485735 485841 485891 485898 485923 486052 486081 486231 486281 486353 486360 486364 486411 486675 486885 
486972 486978 487024 487082 487093 487108 487144 487152 487321 487485 487602 487625 487679 487697 487758 487768 487816 487949 488142 488180 488208 488236 488246 488256 488367 488671 488741 489143 489226 489231 489434 489467 489521 489622 489685 489694 489825 489838 489855 489868 489934 489940 490176 490272 490275 490328 490334 490500 490557 490610 490753 490861 490993 491042 491258 491267 491282 491367 491399 491501 491543 491648 491799 492044 492091 492194 492490 492658 492682 492828 492923 492935 493121 493151 493388 493504 493577 493702 493762 493890 493944 493946 494028 494309 494418 494510 494682 494892 495075 495262 495339 495377 495475 495540 495635 495799 495951 496040 496191 496470 
496488 496491 496554 496717 496759 496793 497001 497312 497326 497496 497517 497658 497680 497739 497817 497906 498075 498097 498288 498524 498577 498763 499269 499375 499522 499530 499604 499636 499802 500313 500406 500427 500472 500615 500666 500697 500716 500777 500835 500875 500914 501039 501506 501759 501818 502059 502151 502291 502343 502425 502611 502774 503083 503147 503156 503334 503410 503483 503486 503498 503549 503570 503589 503726 503730 503752 503770 503929 504021 504250 504292 504651 504913 504948 504997 505066 505101 505128 505333 505436 505646 505662 505703 505729 505753 505869 505900 506071 506095 506104 506136 506216 506341 506388 506471 506499 506539 506561 506628 506647 
506649 506661 506685 506732 506874 506917 506960 507255 507356 507367 507573 507578 507613 508018 508170 508250 508510 508536 509010 509151 509309 509568 509684 510027 510032 510309 510582 510587 510705 510758 510766 511092 511284 511306 511311 511394 511434 511471 511491 511541 511726 511727 511743 511878 511927 511998 512115 512173 512268 512434 512710 512791 512792 512853 512969 513003 513025 513060 513454 513477 513496 513514 513547 513678 514059 514350 514859 514982 515033 515057 515084 515223 515317 515338 515409 515668 515687 515977 516039 516280 516283 516323 516567 516700 516904 516914 517015 517083 517300 517408 517461 517476 517489 517545 517852 517947 517957 518049 518089 518118 
518492 518514 518746 518815 518825 518842 518864 518929 519073 519230 519274 519346 519405 519421 519467 519780 519830 520030 520052 520109 520175 520369 520383 520437 520597 520918 520931 521039 521066 521182 521254 521290 521340 521435 521458 521582 521659 521661 521748 521980 522000 522089 522275 522431 522457 522666 522779 522816 523004 523339 523357 523361 523399 523991 524164 524280 524288 524389 524431 524448 524552 524603 524677 524750 524872 525065 525188 525502 525536 525564 525643 525686 525721 525758 525885 525951 526173 526259 526267 526270 526340 526504 526586 526674 526743 526753 526844 526907 527001 527141 527269 527467 527560 527654 527703 527792 527796 527822 527868 527877 
527937 528003 528091 528136 528259 528532 528589 528760 528766 528790 529177 529214 529224 529266 529287 529316 529501 529682 529919 530179 530282 530283 530533 530536 530581 530652 530783 530891 531150 531271 531355 531369 531466 531468 531588 531692 531900 531933 532119 532157 532323 532423 532485 532517 532518 532558 532565 532767 532830 533223 533276 533309 533313 533412 533473 533524 533553 533656 533728 533752 533761 533899 534092 534113 534140 534253 534286 534349 534395 534410 534636 534830 534848 534861 534899 534982 535040 535233 535247 535300 535319 535322 535384 535414 535441 535461 535470 535542 535654 535673 535768 535840 535853 536025 536096 536181 536278 536316 536475 536594 
536630 536772 537024 537035 537263 537286 537329 537337 537444 537486 537539 537926 538108 538125 538216 538379 538483 538554 538617 538691 538865 538893 538994 539042 539137 539245 539321 539339 539372 539603 539705 539721 539846 539847 539924 540023 540068 540217 540257 540389 540726 540735 540736 540839 540916 541136 541179 541184 541187 541296 541327 541376 541619 541672 541684 541972 542046 542058 542179 542248 542433 542551 542645 542786 542823 542875 543122 543165 543167 543189 543192 543777 543786 543894 543961 544285 544368 544418 544440 544639 544683 544717 545003 545579 545594 545596 545624 545636 545641 545782 545811 545821 546035 546036 546173 546231 546235 546344 546656 546778 
546800 546896 546960 547012 547108 547160 547163 547403 547819 548090 548256 548637 548724 548959 549053 549389 549734 549767 549874 549877 550153 550185 550320 550381 550395 550405 550606 550675 550705 550768 550801 550865 551131 551156 551363 551402 551454 551471 551579 551670 551784 552131 552164 552264 552280 552390 552588 552621 552665 552674 552682 552718 553085 553103 553272 553344 553369 553392 553485 553506 553515 553721 554035 554115 554210 554408 554421 554534 554536 554550 554728 554735 554794 554940 555093 555127 555227 555288 555550 555567 555600 555706 555742 555841 556045 556122 556153 556368 556681 556718 556914 557356 557401 557407 557450 557565 557628 557684 557712 557747 
557779 557809 557816 557915 558110 558115 558232 558354 558439 558539 558661 558730 558779 558989 559038 559051 559092 559301 559321 559414 559432 559487 559503 559523 559579 559665 559688 559748 559781 559868 559924 559985 560013 560056 560068 560077 560247 560317 560387 560455 560627 560671 560716 560772 560773 560789 560811 560843 560946 561370 561640 561683 561853 561877 562111 562148 562259 562304 562593 562658 562676 562728 562777 562855 562888 562898 563204 563293 563359 563494 563549 563754 564059 564154 564327 564351 564410 564521 564572 564659 564769 564785 564906 564950 564978 565016 565061 565165 565179 565397 565439 565525 565655 565701 565723 565770 565785 565798 565920 566214 
566430 566465 566485 566552 566630 566687 566737 566744 566936 567016 567063 567354 567722 567778 567806 567937 568018 568167 568195 568216 568366 568614 568901 569004 569178 569201 569342 569565 569653 569699 569770 569860 569884 569934 570160 570476 570518 570548 570589 570638 570661 570782 570795 570897 570930 570941 571021 571059 571213 571221 571237 571425 571460 571550 571727 571730 571752 571817 571846 571921 572045 572129 572212 572430 572432 572570 572630 572662 572771 572837 572854 572975 572978 573098 573133 573250 573428 573499 573578 573813 573885 573914 573990 574013 574240 574281 574613 574642 574672 574695 574734 574743 574821 574824 575047 575328 575530 575726 575924 576240 
576425 576522 576659 576710 576729 577253 577302 577358 577657 577706 577751 577790 577821 577897 578120 578192 578235 578250 578281 578476 578568 578575 578666 578715 578812 578865 579077 579276 579286 579472 579628 579635 579705 579916 579984 580286 580303 580458 580720 581072 581153 581254 581486 581570 581677 581688 581748 581752 581821 581865 581884 581913 581978 582112 582128 582321 582328 582375 582741 582828 582861 582920 583173 583357 583475 583678 583728 583756 583773 583988 583997 583999 584113 584218 584225 584266 584386 584554 584620 584663 584912 585015 585299 585458 585523 585537 585680 585698 585931 585976 586120 586174 586213 586232 586416 586417 586444 586530 586583 586766 
586781 586875 586967 587147 587235 587341 587346 587403 587585 587815 587872 587892 587897 588079 588165 588330 588350 588392 588487 588506 589058 589117 589181 589189 589312 589315 589927 590181 590340 590491 590691 590736 591062 591156 591157 591184 591205 591253 591268 591351 591373 591437 591483 591629 591733 591849 591895 592071 592179 592458 592577 592801 592966 593011 593476 593628 593633 593774 593988 594013 594291 594310 594373 594425 594451 594583 595369 595494 595615 595631 595667 595777 596141 596227 596422 596501 596693 596762 596789 596827 597120 597206 597384 597826 597890 597910 597995 598256 598323 598352 598354 598412 598419 598429 598565 598593 598604 598607 598855 598966 
599009 599034 599085 599123 599229 599376 599387 599451 599744 599919 600230 600254 600294 600407 600432 600527 600538 600673 600758 600935 601078 601184 601281 601332 601361 601404 601430 601456 601520 601674 601769 601776 601822 601983 602035 602203 602236 602553 602558 602707 602711 602799 602943 603228 603379 603527 603743 603821 603857 603976 604050 604108 604186 604188 604203 604325 604645 604702 605322 605353 605390 605784 605950 606233 606545 606550 606565 606569 606571 606603 606849 606922 607003 607191 607244 607304 607495 607499 607506 607553 607655 607683 607838 608004 608010 608091 608341 608351 608405 608629 608631 608745 608835 608964 608976 609085 609156 609219 609324 609528 
609598 609661 609843 610037 610195 610238 610305 610321 610399 610407 610469 610548 610707 610796 610834 610940 610967 611065 611308 611350 611533 611582 611720 611788 612101 612152 612395 612537 612572 612593 612626 612872 612903 612996 613035 613129 613358 613480 613627 613747 613836 613842 613957 614066 614273 614362 614433 614637 614727 614768 614776 615071 615098 615124 615555 615605 615635 615648 615659 615878 615881 615895 616047 616113 616265 616462 616493 616638 616695 616955 616962 617094 617229 617271 617284 617302 617401 617525 617570 617606 617696 617872 617927 617976 618057 618127 618246 618301 618399 618442 618565 618665 618878 619021 619022 619028 619043 619177 619502 619592 
619626 619724 619777 619842 620037 620070 620120 620176 620424 620517 620612 620671 620706 620798 620915 620953 621218 621228 621247 621257 621479 621529 621615 621620 621633 622009 622228 622477 622586 622631 622646 622860 623280 623373 623463 623669 623706 624068 624085 624206 624235 624291 624300 624497 624659 624690 624847 624893 625084 625326 625336 625538 625615 625629 625723 625846 625975 626060 626177 626195 626439 626454 626857 627006 627065 627163 627207 627285 627652 627752 627839 627846 627921 628125 628282 628371 628473 628484 628490 628604 628671 628721 628840 628936 629098 629315 629368 629522 629568 629655 629830 629837 630020 630070 630225 630380 630503 630582 630851 631018 
631323 631391 631592 632132 632318 632382 632394 632407 632460 632492 632525 632724 632770 632792 632812 632982 633250 633260 633408 633473 633578 633762 634029 634047 634163 634210 634242 634482 634670 634746 634930 635121 635155 635180 635284 635304 635316 635542 635560 635770 635839 635952 636028 636075 636397 636446 636509 636623 636671 636820 636880 636897 637006 637018 637021 637050 637139 637159 637179 637365 637386 637393 637429 637439 637552 637556 637571 637712 637872 638036 638165 638296 638314 638522 638578 638605 638741 639030 639132 639212 639283 639307 639558 639671 639826 640019 640090 640102 640119 640606 640647 640690 640694 640841 640985 641052 641168 641174 641464 641520 
641562 641928 641938 642020 642095 642116 642122 642237 642416 642450 642473 642683 642719 642881 643008 643014 643183 643641 643824 643831 643951 643963 644042 644076 644122 644177 644329 644501 644637 644757 644912 645195 645232 645235 645387 645398 645462 645513 645563 645689 645701 645721 645756 645897 645910 645972 646162 646223 646274 646366 646416 646493 646561 646565 646622 646735 646762 646898 647266 647275 647384 647545 647549 647630 648097 648292 648325 648344 648453 648556 648564 648628 648760 648811 649096 649186 649312 649436 649482 649501 649627 649663 649839 649842 649864 649877 649932 650176 650179 650267 650432 650598 650633 650696 650905 651013 651158 651290 651416 651554 
651608 651880 651979 651984 652014 652079 652092 652116 652293 652500 652647 652806 653075 653253 653301 653626 653795 653849 653897 653916 653965 653999 654074 654319 654592 654634 654642 654664 654946 655151 655310 655356 655425 655756 655924 655961 656136 656185 656201 656251 656292 656542 656557 656780 656831 657085 657153 657203 657360 657478 657536 657743 657747 657753 657767 657782 657791 657803 657853 657941 658015 658034 658047 658098 658113 658173 658175 658207 658265 658302 658537 658580 658801 658879 659008 659412 659461 659562 659700 659750 659828 659863 659947 659986 660102 660117 660165 660225 660401 660517 660596 660645 660681 660713 660811 660947 661047 661092 661110 661148 
661161 661164 661200 661254 661593 661666 661938 661962 662010 662142 662332 662358 662769 662883 663123 663228 663241 663244 663424 663446 663692 663780 663807 663883 663947 664212 664354 664446 664540 664637 664747 664768 664785 664900 664916 665166 665453 665468 665577 665607 665719 665813 665832 665835 665843 665873 665992 666109 666197 666367 666398 666426 666498 666575 666653 666774 666895 666969 667141 667488 667502 667562 667567 667587 667623 667656 667675 667680 667731 667757 667831 667936 668171 668202 668298 668389 668742 668760 669021 669028 669059 669083 669093 669269 669331 669355 669446 669472 669495 669841 669977 670004 670077 670432 670575 670584 670651 670893 670905 670946 
670974 671051 671132 671252 671448 671458 671587 671806 671841 671943 671976 672124 672187 672391 672398 672495 672523 672542 672696 672719 672833 673107 673244 673278 673342 673386 673523 673541 673609 673648 673765 673821 673879 674090 674247 674300 674338 674383 674521 674858 674944 675133 675219 675311 675359 675519 675525 675670 675747 675823 675867 676033 676058 676123 676291 676314 676407 676491 676651 676663 676785 676846 676911 677034 677199 677299 677405 677430 677554 677638 677907 677933 678040 678318 678363 678411 678435 678470 678474 678608 678796 678833 678885 678953 679020 679269 679406 679478 679668 679695 679727 679777 679868 679901 680136 680157 680201 680409 680488 680496 
680855 680940 680965 681083 681243 681615 682019 682162 682245 682543 682579 682659 682666 682697 682715 682776 682882 682997 683090 683355 683491 683542 683604 683664 683665 683705 683769 683903 684099 684261 684471 684692 684740 684829 685148 685231 685328 685510 685552 685634 685842 686007 686059 686711 686752 686756 686787 686828 686906 686958 687075 687229 687254 687367 687426 687457 687471 687641 687727 687927 688374 688507 688564 688590 688616 688660 688817 688971 689220 689243 689313 689439 689445 689455 689596 689812 690172 690248 690255 690434 690439 690529 690599 690680 690724 690845 690994 691012 691133 691383 691600 691621 691627 691767 691771 691805 691942 691947 691963 691979 
692033 692128 692161 692231 692389 692541 692608 692753 692842 692955 693034 693061 693279 693322 693506 693527 693549 693560 693599 693611 693695 693831 693908 693962 694048 694125 694188 694357 694418 694457 694529 694531 694563 694614 694690 694735 694939 694957 694963 695098 695289 695320 695395 695438 695554 695610 695753 695775 695776 695822 695964 695984 696074 696162 696177 696369 696391 696443 697054 697105 697109 697232 697313 697334 697359 697461 697620 698050 698147 698148 698189 698407 698414 698467 698625 698854 698915 698993 699221 699251 699260 699359 699421 699490 699534 699595 699627 699736 699750 699968 700305 700489 700496 700538 700579 700664 700738 700767 700876 700891 
701000 701320 701514 701678 701689 701705 701846 701958 701961 701970 702022 702055 702081 702276 702278 702283 702347 702366 702388 702418 702423 702598 702623 702726 702998 703016 703065 703182 703309 703359 703427 703439 703522 703662 703779 703869 703884 704025 704077 704096 704113 704171 704181 704204 704206 704355 704410 704679 704681 704733 704844 704922 705063 705131 705250 705394 705458 705653 705722 705799 705812 705937 706171 706208 706280 706409 706419 706460 706467 706496 706647 706922 707260 707394 707435 707519 707527 707610 707651 707678 707707 707766 707890 708050 708095 708125 708148 708341 708414 708521 708610 708613 708627 708706 708814 709024 709178 709220 709227 709457 
709496 709630 709667 709880 710247 710272 710289 710312 710351 710409 710569 710725 710752 710782 710800 711266 711267 711346 711379 711456 711542 711549 711591 711625 711644 711778 711858 712060 712238 712344 712446 712457 712514 712541 712546 712578 712634 712752 712765 712983 712995 713585 713611 713652 713667 713678 713830 713937 714022 714264 714371 714550 714617 714808 715111 715386 715423 715529 715570 715807 715987 715994 716228 716318 716441 716442 716480 716701 716702 716824 716928 717014 717055 717060 717199 717267 717309 717701 717796 717836 718077 718153 718219 718280 719030 719204 719271 719445 719585 719661 719883 719903 719905 719922 719923 719934 719970 719999 720048 720096 
720430 720523 720576 720640 720717 721081 721134 721282 721397 721435 721552 721567 721610 721711 721717 721730 721949 721959 722260 722429 722457 722464 722512 722822 723015 723077 723374 723391 723604 723823 723865 723962 724142 724222 724512 724513 724732 724854 725035 725107 725119 725438 725496 725567 725670 725673 725708 725734 725825 725932 725938 726141 726200 726280 726291 726330 726430 726551 726607 726647 726654 726824 727193 727851 727988 728151 728154 728420 728545 728547 728722 729036 729420 729526 729756 729786 729911 729979 730028 730089 730246 730314 730496 730585 730649 730705 730744 730843 730956 731030 731068 731171 731288 731322 731342 731412 731495 731644 731814 731897 
732089 732173 732295 732306 732493 732513 732566 732700 732719 732749 732757 732937 733017 733024 733332 733574 733878 734208 734317 734326 734424 734443 734764 734788 734916 734947 735154 735206 735442 735469 735563 736077 736141 736245 736331 736405 736545 736568 736739 736770 736883 736901 736922 737057 737095 737208 737658 737783 738058 738422 738451 738478 738550 738624 738646 738772 738798 738994 739017 739050 739113 739133 739633 739776 739901 739978 740118 740137 740149 740211 740461 740486 740595 740666 740876 740891 741165 741176 741228 741406 741423 741765 741791 741867 741914 741946 741949 741987 742090 742715 742762 742816 742818 742975 742998 743030 743139 743438 743518 743616 
743727 743735 743798 743837 743993 744032 744072 744103 744104 744107 744477 744512 744617 744795 744847 745010 745310 745469 745504 745528 745584 745600 745816 745841 745995 746101 746142 746409 746575 746705 746767 746848 746890 746912 746921 746999 747036 747115 747205 747362 747408 747533 747702 747788 747811 747854 747972 748012 748080 748093 748103 748237 748331 748350 748376 748420 748489 748636 748704 748720 748754 748825 748886 748906 748996 749134 749135 749239 749314 749484 749590 749649 749674 749693 749750 749810 750203 750404 750618 750879 750925 751225 751234 751241 751284 751300 751325 751341 751404 751434 751435 751532 751613 751632 751756 752124 752203 752222 752305 752442 
752535 752566 752749 752751 752797 752921 753008 753491 753531 753537 753639 753648 753932 753999 754216 754327 754615 754718 754723 754910 754925 754962 755025 755067 755081 755261 755353 755413 755488 755609 755656 755713 755714 755734 755952 756033 756107 756120 756176 756196 756513 756540 756571 756594 756604 756715 756783 756900 756919 757132 757163 757259 757274 757417 757459 757528 757558 757577 757726 757755 758009 758065 758223 758390 758401 758454 758461 758706 759104 759227 759321 759425 759456 759585 759597 759765 759866 759956 760002 760107 760158 760189 760287 760385 760449 760480 760537 760563 760696 760796 760861 760866 761053 761123 761142 761154 761194 761331 761383 761741 
761848 762107 762108 762145 762188 762267 762288 762569 762591 762668 762764 762775 763029 763092 763290 763304 763441 763442 763616 763653 763706 763822 763972 763988 764018 764103 764248 764292 764323 764383 764470 764608 764704 764771 764926 764982 765019 765023 765039 765214 765266 765268 765411 765434 765573 765604 765753 765841 765938 766105 766146 766236 766560 766963 767071 767096 767146 767162 767180 767369 767588 767818 767850 767954 767966 767983 768137 768179 768257 768398 768596 768613 768697 768783 769029 769086 769239 769272 769327 769522 769599 769865 770035 770226 770382 770432 770525 770542 770568 770967 770971 771009 771101 771113 771225 771449 771588 771710 771766 771800 
771811 771823 772215 772326 772340 772483 772527 772555 772967 772988 773072 773162 773173 773206 773322 773391 773602 773857 774189 774217 774238 774352 774376 774501 774542 774648 774801 774870 774972 775132 775221 775236 775245 775407 775456 775475 775677 775785 775974 775984 776013 776033 776059 776070 776079 776081 776249 776487 776797 777032 777267 777415 777506 777537 777662 777719 777791 777941 778056 778073 778076 778159 778207 778354 778392 778401 778435 778607 779106 779146 779150 779221 779544 779636 779805 779847 780046 780093 780261 780268 780337 780348 780361 780511 780555 780593 780813 780824 781248 781300 781341 781533 781772 781878 781925 781991 782009 782096 782198 782202 
782392 782454 782466 782641 782759 782814 782818 782900 783077 783163 783489 783802 783869 783948 784208 784237 784266 784374 784375 784759 784866 784874 784961 785053 785211 785221 785357 785387 785424 785475 785588 785736 785782 785850 785878 785921 786162 786249 786250 786382 786431 786872 787251 787300 787440 787592 787637 787676 787741 787754 787789 787926 787957 788058 788088 788386 788510 788580 788642 788691 788703 788706 788709 789014 789026 789106 789131 789238 789296 789412 789455 789500 789744 789784 789833 789985 790009 790128 790349 790560 790609 790684 790690 790959 791132 791246 791279 791453 791483 791563 791630 791707 791794 792087 792210 792224 792287 792308 792368 792905 
792915 793240 793285 793322 793454 793460 793466 793543 793687 793795 794084 794144 794240 794433 794542 794616 794873 795188 795268 795431 795538 795622 795715 795801 795838 795880 795893 795968 795985 796029 796122 796128 796189 796402 796408 796611 796635 796781 797015 797384 797488 797497 797562 797575 797710 797788 797875 797931 798098 798146 798148 798190 798231 798273 798552 798612 798953 798960 798988 799031 799042 799080 799121 799188 799189 799451 799919 800012 800022 800031 800067 800078 800080 800088 800139 800184 800228 800251 800306 800323 800413 800458 800635 800808 800986 801220 801304 801335 801386 801516 801584 801748 801751 801760 801848 801881 801931 801943 801965 802008 
802016 802176 802233 802247 802282 802303 802310 802773 802823 802929 802984 803059 803211 803244 803246 803277 803330 803379 803386 803545 803558 803636 803665 803755 803763 803892 804067 804557 804585 804624 804722 804757 804814 804859 804920 805006 805644 805905 805931 806014 806055 806260 806504 806530 806622 806627 806749 806860 806863 807001 807060 807097 807379 807688 807695 807802 808120 808257 808270 808343 808448 809324 809470 809572 809601 809820 809855 809860 809952 809988 810069 810237 810284 810551 810637 810832 810853 810963 811091 811141 811187 811286 811405 811435 811523 811577 811581 811880 811886 811917 812173 812247 812258 812350 812479 812549 812564 812604 812666 812821 
812913 813000 813580 813743 813765 813827 813866 813909 814137 814268 814321 814365 814631 814758 814789 814816 814865 814952 814976 815098 815248 815287 815382 815397 815469 815497 815536 815548 815566 815594 815616 815670 815721 815861 816325 816374 817208 817246 817289 817553 817563 817698 817750 817751 817889 817913 817952 817960 818007 818161 818229 818260 818279 818288 818388 818393 818406 818453 818569 818627 818677 818932 818943 819052 819056 819188 819218 819249 819398 819424 819436 819499 819518 819665 819801 819817 819938 819968 820114 820227 820251 820309 820429 820506 820552 820559 820634 820694 820804 820949 821004 821077 821102 821150 821248 821290 821425 821434 821487 821605 
821725 821796 821901 822099 822199 822227 822300 822339 822380 822650 822907 822923 822967 823022 823029 823033 823125 823186 823211 823240 823348 823394 823634 823671 823704 823739 823755 823887 824119 824160 824332 824498 824515 824541 824703 824864 824879 824910 824925 824982 825080 825116 825123 825226 825281 825397 825436 825553 825626 825688 825712 825764 825875 825968 825969 826031 826051 826058 826097 826178 826328 826429 826582 826665 826731 826850 826867 826929 826956 827266 827300 827413 827424 827482 827709 828078 828228 828331 828490 828509 828544 828585 828619 828625 828775 828819 828865 828989 829136 829157 829164 829189 829191 829230 829288 829290 829292 829319 829321 829443 
829679 829883 829914 830053 830120 830464 830542 830564 830578 830589 830596 830632 830702 830818 830871 831111 831136 831539 831650 831674 831692 831863 832009 832133 832503 832563 832798 832806 832851 832969 832999 833054 833192 833333 833440 833489 833565 833870 834248 834286 834337 834374 834572 834711 834851 835060 835078 835109 835254 835300 835320 835365 835449 835458 835487 835877 836052 836090 836132 836152 836274 836357 836390 836432 836456 836541 836618 836674 836685 836716 836829 836907 836919 836961 837012 837016 837314 837387 837744 837750 837914 837952 838002 838056 838080 838143 838275 838309 838383 838450 838494 838561 838812 838860 838963 838975 839015 839115 839194 839422 
839435 839505 839691 839746 839784 839913 840206 840825 840990 841045 841346 841371 841389 841425 841466 841551 841641 841710 841775 841846 841869 842126 842152 842183 842298 842330 842387 842468 842503 842582 842676 842689 842696 842712 842713 842719 842722 842737 842793 842810 842942 843251 843346 843380 843473 843509 843525 843648 843683 843856 843926 843953 844111 844117 844145 844172 844530 844626 845060 845229 845318 845484 845633 845665 845926 846040 846214 846440 846479 846594 846638 846704 846920 846967 847053 847097 847153 847298 847332 847388 847413 847441 847471 847706 847737 847797 847802 847850 848079 848166 848246 848421 848429 848522 848788 848805 848835 848841 848918 849196 
849285 849416 849485 849655 849814 850162 850171 850388 850417 850423 850608 850730 850861 850865 850877 850947 851300 851344 851424 851796 851830 851932 851987 852100 852175 852324 852575 852599 852605 852851 852857 852910 853025 853070 853297 853363 853418 853492 853802 853841 853959 854038 854047 854109 854130 854222 854354 854734 854776 854828 854851 854890 854999 855006 855020 855031 855043 855086 855100 855279 855288 855304 855306 855319 855377 855480 855554 855586 855746 855830 855907 855983 856073 856142 856356 856396 856500 856510 856558 856636 856660 856696 856799 856822 856892 856917 856974 856987 857219 857276 857365 857484 857564 857565 857773 857822 857929 858039 858058 858183 
858354 858447 858477 858567 858710 858842 858935 859031 859171 859267 859285 859441 859568 859720 859748 859830 859949 859961 859983 860079 860387 860550 860563 860765 860768 860914 860982 861048 861101 861536 861865 861923 862131 862137 862225 862508 862571 862620 862650 862801 862950 863136 863434 863612 863731 863863 863868 863937 864204 864206 864210 864313 864314 864349 864553 864578 864592 864600 864657 864870 864924 865031 865115 865166 865182 865262 865370 865390 865501 865527 865602 865916 865918 865938 865967 866099 866411 866456 866557 866598 866662 866699 866725 866787 866906 867111 867118 867131 867181 867261 867574 867579 867606 867611 867722 867970 868243 868339 868362 868639 
868896 869046 869405 869479 869490 869605 869722 869737 869791 870177 870452 870685 870719 870873 871015 871119 871139 871377 871463 871594 871619 871732 871748 871764 872043 872116 872285 872349 872490 872495 872507 872564 872654 872660 872712 872731 873064 873150 873162 873237 873360 873368 873416 873417 873463 873481 873621 873644 873672 873977 874208 874305 874536 874538 874717 874782 874827 874893 874919 875201 875600 875638 875663 875752 876004 876181 876494 876806 876830 876891 877054 877098 877180 877184 877442 877640 877688 877801 877825 877872 877878 877936 877998 878328 878362 878392 878535 878572 878621 878737 878824 878886 879017 879174 879216 879298 879327 879357 879594 879740 
879755 879960 879968 880036 880257 880433 880450 880496 880578 880589 880726 880731 880809 880851 880891 880921 880954 881040 881154 881188 881202 881283 881364 881435 881586 881790 881867 881874 881883 882037 882112 882203 882221 882248 882263 882394 882414 882451 882521 882534 882562 882571 882610 882633 882884 882965 883078 883134 883387 883413 883416 883417 883517 883545 883579 883603 883753 884242 884260 884443 884457 884509 884531 884570 884640 884860 884884 884962 885093 885115 885189 885275 885454 885489 885555 885734 885776 886250 886280 886328 886569 886595 886616 886645 886760 887266 887389 887422 887517 887525 887559 887604 887625 887690 887988 888158 888366 888492 888897 888908 
889208 889243 889675 889756 889832 889844 889982 890440 890563 890659 890672 890867 890945 890976 890978 891005 891065 891216 891330 891474 891669 891744 891758 891788 891791 892091 892124 892149 892233 892287 892368 892537 892560 892600 892615 892712 892766 893000 893010 893135 893147 893211 893298 893329 893448 893469 893480 893560 893625 893690 893762 893810 893834 894176 894464 894492 894501 894590 894596 894684 894940 894994 894995 895246 895264 895675 895691 895707 895732 895747 895759 895898 896063 896198 896309 896576 896667 897111 897233 897306 897334 897336 897386 897444 897615 897623 897627 897633 897682 897762 897769 898098 898103 898182 898379 898625 898752 899055 899114 899443 
899699 899707 899972 899975 900128 900233 900238 900264 900275 900282 900296 900428 900722 900763 900813 900942 901035 901073 901261 901266 901352 901516 901703 901752 902103 902289 902302 902450 902526 902871 902889 902963 903103 903258 903506 903622 903629 903669 903774 903829 903832 903990 904467 904606 904621 904801 904973 905389 905523 905595 905729 905782 905889 905946 906045 906047 906089 906342 906577 906636 906651 906691 907229 907367 907455 907473 907479 907600 907677 907758 907845 907851 907861 908147 908182 908248 908271 908314 908387 908470 908660 908671 908719 908764 908894 909141 909260 909409 909711 909862 910004 910083 910373 910435 910446 910484 910618 910788 910799 910967 
911036 911067 911268 911331 911420 911755 911801 911931 912140 912189 912281 912283 912368 912380 912470 912475 912518 912685 912729 912759 912821 912865 913042 913045 913191 913311 913355 913426 913545 913595 913617 913786 913793 913843 913869 913929 914000 914088 914271 914521 914555 914600 914610 914768 914806 914867 915109 915219 915261 915310 915339 915441 915618 915653 915744 915750 915788 915792 915985 916082 916162 916329 916342 916492 916603 916634 916940 917047 917094 917144 917157 917321 917426 917460 917533 917604 917625 917726 917727 917774 917906 918142 918384 918444 918449 918503 918671 918672 918697 918762 918876 919019 919442 919758 919771 919837 919926 920217 920272 920398 
920410 920443 920647 920655 920912 920917 920973 921067 921217 921257 921260 921455 921499 921592 921855 922128 922199 922242 922353 922406 922441 922560 922670 922782 922915 923059 923105 923130 923214 923320 923436 923523 923544 923644 923775 923832 923856 923972 924002 924013 924104 924108 924256 924345 924367 924540 924683 924939 924995 925020 925051 925127 925173 925313 925347 925403 925779 925901 926068 926147 926198 926220 926255 926307 926345 926424 926516 926539 926644 926772 926798 926838 926974 927139 927273 927296 927619 927628 927686 927883 928001 928199 928217 928230 928501 928602 928631 928715 928761 928887 929036 929147 929229 929237 929399 929479 929614 929617 929886 929923 
930091 930177 930268 930332 930342 930392 930424 930455 930897 930918 931004 931084 931398 931442 931449 931651 931671 931733 931941 931962 931983 932030 932055 932147 932313 932380 932485 932565 932868 933082 933272 933380 933515 933627 934022 934062 934066 934218 934236 934428 934524 934682 934822 934840 934860 934978 934993 934997 935039 935130 935180 935291 935498 935571 935619 935868 936189 936210 936216 936247 936282 936293 936302 936425 936491 936552 936568 936979 936985 937133 937231 937268 937272 937762 938063 938108 938290 938384 938432 938450 938466 938506 938521 938602 938611 938689 938692 938854 938916 938990 939366 939486 939594 939788 939869 939910 939917 939991 940006 940097 
940130 940153 940157 940360 940381 940441 940442 940539 940562 940643 940675 940713 940914 941033 941312 941385 941560 941625 941722 942007 942008 942318 942367 942383 942464 942492 942512 942558 942573 942591 942909 942981 943020 943134 943199 943228 943279 943527 943543 943717 943752 943756 943917 943928 944010 944028 944035 944272 944278 944412 944414 944453 944798 945198 945602 945630 945854 945889 945990 946023 946038 946102 946586 946667 946696 946744 946853 946963 946974 947196 947358 947388 947536 947588 947658 947787 947901 948086 948423 948446 948563 948615 948616 948768 948803 948959 949017 949108 949260 949428 949583 949595 949652 949735 949751 949798 949826 949945 949976 950246 
950285 950324 950385 950410 950502 950508 950570 950727 950972 951114 951240 951373 951390 951744 951803 951861 951895 951904 952042 952225 952271 952317 952720 952867 952924 953022 953024 953051 953119 953121 953191 953194 953238 953244 953305 953355 953371 953425 953676 953731 953968 954045 954084 954230 954391 954515 954574 954802 955191 955326 955719 955741 955784 955789 955827 955990 956206 956233 956461 957028 957030 957240 957313 957470 957770 957791 957910 958084 958205 958518 958524 958526 958527 958539 958569 958642 958650 958672 959065 959097 959212 959265 959416 959503 959545 959594 959721 959733 959836 959934 960183 960234 960292 960333 960335 960404 960415 960462 960624 960699 
960703 960706 960964 961114 961288 961395 961488 961512 961582 961615 961647 961894 961954 962138 962209 962333 962605 962925 963048 963088 963165 963314 963435 963667 963863 963901 964018 964105 964152 964183 964200 964227 964239 964331 964439 964495 964648 964883 964964 965168 965173 965229 965631 965633 965695 965801 965833 965904 965991 966093 966203 966255 966267 966270 966419 966543 966790 966906 967000 967042 967051 967120 967170 967324 967516 967598 967770 967866 967893 968113 968198 968282 968446 968453 968669 968684 968732 968992 969269 969338 969345 969422 969438 969452 969515 969595 969718 969753 969785 969839 969848 970013 970074 970129 970221 970372 970664 970725 970728 970776 
970817 970826 971020 971056 971172 971369 971370 971381 971432 971513 971852 971856 972033 972230 972489 972549 972604 972669 972709 973082 973267 973434 973553 973648 973802 973830 973865 973885 973886 973921 974165 974327 974367 974491 974609 974627 974633 974659 974765 974884 974923 974970 975041 975215 975244 975642 975694 975822 976134 976285 976318 976356 976392 976396 976431 976450 976503 976527 976585 976619 976693 976780 976934 977021 977123 977133 977531 977560 977626 977766 977794 977951 978074 978159 978247 978304 978368 978475 978552 978568 978698 978707 978995 979099 979155 979222 979244 979254 979274 979305 979504 979514 979519 979554 979588 979599 979630 979686 980028 980183 
980347 980380 980437 980548 980649 980680 980703 980733 980953 981191 981260 981383 981469 981610 981727 981833 981856 982007 982043 982081 982208 982348 982482 982734 982960 983132 983143 983157 983222 983270 983325 983427 983535 983764 983799 983804 983835 983959 984051 984076 984169 984399 984403 984493 984547 984682 984886 984999 985137 985168 985184 985221 985225 985358 985363 985471 985665 985673 985683 985710 985819 985849 986154 986265 986269 986287 986339 986387 986529 986573 986663 986668 986703 986737 987012 987115 987256 987277 987362 987617 987875 988005 988014 988063 988292 988330 988366 988432 988534 988605 989322 989355 989376 989482 989573 989588 989600 989696 990146 990237 
990298 990394 990670 990776 990877 990915 990923 990937 990992 991095 991125 991447 991478 991548 991648 991673 991821 991918 991929 992061 992157 992200 992419 992763 992784 992980 993079 993168 993896 994050 994076 994082 994093 994161 994206 994218 994219 994282 994287 994315 994336 994522 994537 994541 994595 994608 994670 994788 995041 995178 995247 995273 995423 995543 995605 995714 995779 995882 996070 996158 996232 996240 996281 996292 996343 996348 996627 996793 997041 997349 997418 997453 997547 997650 997884 998152 998222 998249 998308 998450 998773 998792 998928 998932 998972 999218 999249 999255 999265 999334 999369 999414 999417 999575 999639 999755 999768 999775 999776 999901 
 }